Username01,LoginID01,Password01,Username1,LoginID1,Password1,Project_Name2
kapil_jain,kapil_jain,1234567,kapil_jain,kapil_jain,111111,BBLR1104
